0.112818083000462
0.113700916097539
0.114613466418899
0.115584437039060
0.116640887245693
0.117807503065384
0.119105952400072
0.120554346547342
0.122166825902363
0.123953283000524
0.125917498793771
0.128062168499249
0.130384507736715
0.132877864847133
0.135532107742026
0.138334111268679
0.141268325856519
0.144317405261572
0.147462869000610
0.150634457365847
0.153869816260542
0.157156050694200
0.160480789285639
0.163832245137228
0.167199239847088
0.170571198144023
0.173938121001137
0.177290545000726
0.180605762482832
0.183890020745710
0.187136622735651
0.190339074131647
0.193490938859577
0.196585720331342
0.199616775687359
0.202577268127012
0.205460160000845
0.208228082226600
0.210906887192449
0.213492261196557
0.215979554892977
0.218363705586282
0.220639210775467
0.222800155472200
0.224840292983953
0.226753176000935
0.228504715205942
0.230119038260865
0.231592987201113
0.232923625358175
0.234108280254446
0.235144612194647
0.236030706208137
0.236765183255100
0.237347325000979
0.237743424351266
0.237991714662290
0.238097530112796
0.238066784790568
0.237905791792463
0.237621094511227
0.237219316720707
0.236707036580414
0.236090688000978
0.235352938837603
0.234525731574617
0.233617059344669
0.232634264027339
0.231583890490359
0.230471588407183
0.229302064661651
0.228079086862657
0.226805536000940
0.225456992004104
0.224064286168909
0.222630912665940
0.221159594078511
0.219652288532870
0.218110236237646
0.216534043778476
0.214923802451150
0.213279235000881
0.211566152401055
0.209821470358326
0.208048076616333
0.206248593236711
0.204425298511578
0.202580075401890
0.200714389893244
0.198829300728048
0.196925500000810
0.194976652590060
0.193012717714367
0.191036321086405
0.189049621729494
0.187054257556656
0.185051330765230
0.183041433613409
0.181024712751046
0.179000968000734
0.176936422554344
0.174867762471200
0.172797729252068
0.170728684734565
0.168662536832509
0.166600701740637
0.164544104040146
0.162493213853781
0.160448118000657
0.158377550016109
0.156315820972291
0.154265469903901
0.152228562479148
0.150206620558304
0.148200590549445
0.146210851548529
0.144237261947426
0.142279241000582
0.140305306325853
0.138348482090325
0.136410487771840
0.134492563953647
0.132595415734685
0.130719193583878
0.128863512346552
0.127027506916014
0.125209921000511
0.123380692324823
0.121570012151271
0.119778899075848
0.118007989971755
0.116257497917186
0.114527203817067
0.112816482048319
0.111124358440265
0.109449597000445
0.107763601068693
0.106095334548287
0.104446050001519
0.102816728138421
0.101208025700345
0.0996202533318509
0.0980533842198674
0.0965070924175309
0.0949808180003852
0.0934475954121640
0.0919359611222514
0.0904477107585184
0.0889843316396524
0.0875469373350266
0.0861362333616902
0.0847525153651705
0.0833956992603239
0.0820653810003318
0.0807373952594592
0.0794371994213362
0.0781662349644718
0.0769256167718543
0.0757160982664127
0.0745380663814590
0.0733915664612718
0.0722763554404443
0.0711919800002862
0.0701115162396804
0.0690636901731004
0.0680505680028204
0.0670739766212918
0.0661354321121852
0.0652360952207129
0.0643767560358271
0.0635578484186675
0.0627794930002508
0.0620181990691900
0.0612995972599931
0.0606256020967445
0.0599977807325376
0.0594173049367353
0.0588849343197293
0.0584010318759262
0.0579656110845397
0.0575784120002280
0.0572117786358410
0.0568953221932238
0.0566312706656404
0.0564215996153016
0.0562679657838079
0.0561716690240201
0.0561336449005140
0.0561544884828699
0.0562345080002211
0.0563442847611964
0.0565163407109595
0.0567535739946862
0.0570585360922202
0.0574333370462404
0.0578795848362931
0.0583983625754250
0.0589902450639089
0.0596553540002336
0.0603599910785716
0.0611404299169671
0.0619993951030066
0.0629391442673105
0.0639613773415039
0.0650671872685569
0.0662570560698328
0.0675308976410243
0.0688881460002689
0.0702883591181392
0.0717737564548969
0.0733471688999448
0.0750110291803411
0.0767672733432624
0.0786172860655017
0.0805618945196762
0.0826014126870577
0.0847357350003308
0.0869150385148939
0.0891929227734008
0.0915739349881177
0.0940621979242674
0.0966612422379120
0.0993738915023661
0.102202207881528
0.105147502905451
0.108210414000424
0.111334310859283
0.114580906430893
0.117955557210239
0.121462950922386
0.125106933109760
0.128890401550454
0.132815276520847
0.136882550590272
0.141092417000556
0.145374442191330
0.149804323385218
0.154388340753067
0.159132068042741
0.164040157304582
0.169116197893934
0.174362659899143
0.179780927198814
0.185371420000736
0.191053165594872
0.196913282768434
0.202958943086001
0.209196380488659
0.215630619382379
0.222265289143119
0.229102537259365
0.236143047591377
0.243386164000975
0.250739665470458
0.258299562945750
0.266071975927073
0.274061715703432
0.282271987297181
0.290704190424250
0.299357832534012
0.308230560552643
0.317318311001282
0.326516109703683
0.335925768875743
0.345550065067991
0.355390167227345
0.365445325214471
0.375712665759735
0.386187109841458
0.396861418546274
0.407726367001659
0.418663915173415
0.429778649093874
0.441068351319711
0.452528979408822
0.464154347958484
0.475935928116780
0.487862779752322
0.499921624017393
0.512097056002095
0.524261863271928
0.536517530408384
0.548855865972352
0.561266923446690
0.573738742916328
0.586257216288590
0.598806089568606
0.611367107927035
0.623920301002561
0.636329666059726
0.648698416000919
0.661015864689242
0.673270132833292
0.685447896703666
0.697534255464330
0.709512730770264
0.721365404477722
0.733073192003016
0.744500576546138
0.755753860365601
0.766824830527034
0.777704500280914
0.788382826040396
0.798848543518457
0.809089136688968
0.819090945269925
0.828839408003418
0.838203963626021
0.847295878388678
0.856111997640365
0.864648498000304
0.872900585198034
0.880862313894672
0.888526541891230
0.895885023069757
0.902928635003730
0.909531208225257
0.915810894741522
0.921769954675275
0.927409839879589
0.932730867090144
0.937732016216496
0.942410865621409
0.946763668115175
0.950785563003932
0.954354848160387
0.957593262985626
0.960506393686639
0.963098671089098
0.965373055484830
0.967330854033754
0.968971681020287
0.970293562948448
0.971293182004019
0.971850999924980
0.972089437805949
0.972014928579352
0.971632576348142
0.970945892590884
0.969956667157356
0.968664981588120
0.967069363942680
0.965167076003992
0.962837608171978
0.960206481728925
0.957281159064883
0.954067822032219
0.950571110068267
0.946793992031609
0.942737778618780
0.938402273865414
0.933786056003860
0.928772516091292
0.923486141788365
0.917935398835573
0.912127420899497
0.906067768981943
0.899760327459712
0.893207341290423
0.886409590506231
0.879366690003632
0.871960259019955
0.864319529696180
0.856454411667831
0.848373429969450
0.840083463705337
0.831589624628592
0.822895280487638
0.814002219482785
0.804910944003320
0.795509637419948
0.785922071241659
0.776158042574707
0.766225906584707
0.756132391312353
0.745882554236957
0.735479881336235
0.724926520966266
0.714223637002939
0.703257758857877
0.692157203033158
0.680933743089812
0.669598010091377
0.658159275089113
0.646625363174185
0.635002701201270
0.623296493210465
0.611511010002509
0.599540086828474
0.587510482518034
0.575436401204970
0.563330753744985
0.551204923271588
0.539068667051637
0.526930156502123
0.514796149064639
0.502672278002053
0.490456122032826
0.478272614423542
0.466136527287739
0.454061218508930
0.442058429313105
0.430138215668664
0.418309013828625
0.406577832403328
0.394950556001602
0.383325116108763
0.371826514861943
0.360469802088913
0.349268613515492
0.338234941309572
0.327379030727831
0.316709404830889
0.306233011640622
0.295955481001189
0.285782291601452
0.275828624673855
0.266107690677218
0.256631097196758
0.247408646706340
0.238448255631611
0.229755995353089
0.221336248600673
0.213191968000850
0.205265715297635
0.197625761750963
0.190278353863744
0.183228624563858
0.176480656411237
0.170037603919363
0.163901860387157
0.158075250845522
0.152559230000612
0.147256429697776
0.142278436123898
0.137635679148556
0.133336683823888
0.129387332072728
0.125790191854131
0.122543939151160
0.119642893872319
0.117076686000486
0.114815349085525
0.112856196826871