1420909441993
1420909442004
1420909442025
1420909442047
1420909442070
1420909442379
1420909442401
1420909442425
1420909442449
1420909442472
1420909442751
1420909442773
1420909442797
1420909442820
1420909443121
1420909443143
1420909443166
1420909443189
1420909443213
1420909443641
1420909443663
1420909443686
1420909443710
1420909444052
1420909444075
1420909444100
1420909444125
1420909444149
1420909444532
1420909444555
1420909444580
1420909444604
1420909444905
1420909444930
1420909444952
1420909444975
1420909444998
1420909445301
1420909445325
1420909445348
1420909445373
1420909445629
1420909445653
1420909445677
1420909445699
1420909445724
1420909446027
1420909446049
1420909446074
1420909446098
1420909446372
1420909446394
1420909446416
1420909446441
1420909446464
1420909446802
1420909446825
1420909446848
1420909446872
1420909447131
1420909447153
1420909447178
1420909447202
1420909447226
1420909447595
1420909447619
1420909447642
1420909447665
1420909447953
1420909447976
1420909448000
1420909448026
1420909448325
1420909448347
1420909448375
1420909448396
1420909448418
1420909448783
1420909448806
1420909448831
1420909448855
1420909449143
1420909449165
1420909449188
1420909449211
1420909449233
1420909449504
1420909449526
1420909449550
1420909449574
1420909449881
1420909449904
1420909449928
1420909449952
1420909449976
1420909450266
1420909450288
1420909450311
1420909450334
1420909450591
1420909450615
1420909450640
1420909450664
1420909450688
1420909450973
1420909450996
1420909451019
1420909451043
1420909451287
1420909451310
1420909451333
1420909451356
1420909451378
1420909451656
1420909451680
1420909451704
1420909451728
1420909452013
1420909452035
1420909452058
1420909452083
1420909452106
1420909452439
1420909452460
1420909452485
1420909452509
1420909452835
1420909452858
1420909452882
1420909452904
1420909452928
1420909453298
1420909453321
1420909453345
1420909453369
1420909453632
1420909453654
1420909453677
1420909453701
1420909453725
1420909454181
1420909454203
1420909454227
1420909454252
1420909454736
1420909454758
1420909454780
1420909454802
1420909454825
1420909455408
1420909455432
1420909455455
1420909455478
1420909455799
1420909455820
1420909455843
1420909455868
1420909455891
1420909456139
1420909456161
1420909456184
1420909456208
1420909456476
1420909456499
1420909456523
1420909456545
1420909456569
1420909456864
1420909456887
1420909456912
1420909456935
1420909457219
1420909457287
1420909457310
1420909457621
1420909457644
1420909457668
1420909457692
1420909457953
1420909457976
1420909458000
1420909458026
1420909458049
1420909458391
1420909458413
1420909458437
1420909458460
1420909458731
1420909458753
1420909458776
1420909458800
1420909458823
1420909459126
1420909459149
1420909459173
1420909459196
1420909459505
1420909459529
1420909459555
1420909459580
