1420044667403
0
1420044667446
0
1420044667485
0
1420044667737
0
1420044667780
0
1420044668059
0
1420044668101
0
1420044668146
0
1420044668419
0
1420044668462
0
1420044668751
0
1420044668794
0
1420044668833
0
1420044669093
0
1420044669138
0
1420044669416
0
1420044669459
0
1420044669498
0
1420044669766
0
1420044669808
0
1420044670070
0
1420044670111
0
1420044670154
0
1420044670423
0
1420044670467
0
1420044670756
0
1420044670798
0
1420044670838
0
1420044671101
0
1420044671144
0
1420044671414
0
1420044671458
0
1420044671498
0
1420044671772
0
1420044671818
0
1420044672097
0
1420044672139
0
1420044672179
0
1420044672437
0
1420044672479
0
1420044672767
0
1420044672810
0
1420044672849
0
1420044673088
0
1420044673131
0
1420044673452
0
1420044673496
0
1420044673535
0
1420044673810
0
1420044673851
0
