1420908532606
1420908532615
1420908532625
1420908532635
1420908532647
1420908532657
1420908532668
1420908532680
1420908532691
1420908532702
1420908532881
1420908532890
1420908532901
1420908532911
1420908532923
1420908532934
1420908532945
1420908532956
1420908532968
1420908532979
1420908533190
1420908533200
1420908533211
1420908533221
1420908533232
1420908533243
1420908533255
1420908533266
1420908533277
1420908533288
1420908533472
1420908533482
1420908533492
1420908533503
1420908533514
1420908533524
1420908533536
1420908533547
1420908533559
1420908533570
1420908533749
1420908533758
1420908533768
1420908533779
1420908533790
1420908533801
1420908533811
1420908533823
1420908533834
1420908533846
1420908534032
1420908534042
1420908534053
1420908534063
1420908534074
1420908534085
1420908534097
1420908534107
1420908534119
1420908534130
1420908534309
1420908534319
1420908534329
1420908534339
1420908534351
1420908534362
1420908534372
1420908534384
1420908534395
1420908534407
1420908534589
1420908534599
1420908534608
1420908534619
1420908534630
1420908534642
1420908534653
1420908534664
1420908534674
1420908534686
1420908534872
1420908534881
1420908534891
1420908534902
1420908534913
1420908534924
1420908534935
1420908534947
1420908534959
1420908534969
1420908535155
1420908535165
1420908535174
1420908535185
1420908535197
1420908535208
1420908535219
1420908535230
1420908535241
1420908535252
1420908535432
1420908535442
1420908535452
1420908535462
1420908535474
1420908535484
1420908535496
1420908535518
1420908535528
1420908535710
1420908535720
1420908535730
1420908535742
1420908535752
1420908535763
1420908535775
1420908535785
1420908535797
1420908535809
1420908535983
1420908535993
1420908536003
1420908536013
1420908536024
1420908536036
1420908536047
1420908536058
1420908536070
1420908536080
1420908536271
1420908536281
1420908536292
1420908536302
1420908536312
1420908536324
1420908536335
1420908536347
1420908536357
1420908536369
1420908536556
1420908536565
1420908536575
1420908536586
1420908536596
1420908536608
1420908536619
1420908536631
1420908536642
1420908536653
1420908536865
1420908536874
1420908536885
1420908536895
1420908536905
1420908536917
1420908536927
1420908536939
1420908536951
1420908536962
1420908537142
1420908537152
1420908537162
1420908537172
1420908537184
1420908537195
1420908537206
1420908537217
1420908537228
1420908537239
1420908537417
1420908537427
1420908537438
1420908537447
1420908537459
1420908537470
1420908537481
1420908537492
1420908537503
1420908537515
1420908537695
1420908537704
1420908537714
1420908537724
1420908537736
1420908537748
1420908537758
1420908537769
1420908537781
1420908537792
1420908537972
1420908537981
1420908537992
1420908538002
1420908538013
1420908538024
1420908538036
1420908538047
1420908538058
1420908538068
1420908538251
