1
18
5
11
8
13
9
218
9
6
8
12
8
6
12
153
10
7
7
11
8
5
12
157
7
10
8
8
12
8
8
153
11
7
8
13
6
8
8
9
151
10
8
8
8
11
9
7
187
12
9
12
9
13
10
6
206
8
7
12
8
7
11
14
206
9
7
9
9
6
15
6
214
10
8
8
11
10
6
8
171
7
6
8
11
8
9
6
10
230
10
8
10
9
8
12
8
238
9
7
12
8
12
7
8
311
11
6
8
11
9
8
13
471
8
13
8
7
8
11
8
184
11
8
12
8
8
12
7
152
7
8
8
11
7
8
12
155
11
7
11
10
7
11
9
158
9
8
7
12
9
12
8
171
7
8
6
7
6
8
8
176
8
8
11
8
14
8
12
158
8
12
8
7
8
11
7
193
7
7
12
7
8
8
11
194
9
8
12
7
7
7
11
220
11
8
6
8
7
13
