1419708697351
1419708697371
1419708697391
1419708697411
1419708697431
1419708697451
1419708697741
1419708697761
1419708697781
1419708697851
1419708698091
1419708698111
1419708698131
1419708698151
1419708698171
1419708698251
1419708698451
1419708698471
1419708698491
1419708698511
1419708698531
1419708698581
1419708698821
1419708698841
1419708698861
1419708698881
1419708698901
1419708698921
1419708699221
1419708699241
1419708699261
1419708699281
1419708699301
1419708699361
1419708699581
1419708699601
1419708699621
1419708699641
1419708699661
1419708699721
1419708699971
1419708699991
1419708700011
1419708700031
1419708700051
1419708700071
1419708700373
1419708700393
1419708700413
1419708700433
1419708700453
1419708700473
1419708700753
1419708700773
1419708700793
1419708700813
1419708700833
1419708700853
1419708701173
1419708701193
1419708701213
1419708701233
1419708701253
1419708701273
1419708701293
1419708701573
1419708701593
1419708701613
1419708701633
1419708701693
1419708701713
1419708702013
1419708702033
1419708702053
1419708702073
1419708702143
1419708702163
1419708702383
1419708702403
1419708702423
1419708702443
1419708702463
1419708702693
1419708702713
1419708702753
1419708702773
1419708702793
1419708702813
1419708703053
1419708703073
1419708703093
1419708703113
1419708703133
1419708703153
1419708703413
1419708703433
1419708703453
1419708703473
1419708703493
1419708703533
