1419708697321
1419708697361
1419708697401
1419708697681
1419708697761
1419708697781
1419708698071
1419708698111
1419708698131
1419708698151
1419708698171
1419708698431
1419708698471
1419708698491
1419708698511
1419708698801
1419708698841
1419708698861
1419708698901
1419708699191
1419708699241
1419708699261
1419708699301
1419708699551
1419708699591
1419708699611
1419708699631
1419708699651
1419708699941
1419708699981
1419708700001
1419708700021
1419708700041
1419708700343
1419708700383
1419708700403
1419708700423
1419708700443
1419708700733
1419708700773
1419708700793
1419708700813
1419708700833
1419708701143
1419708701183
1419708701203
1419708701223
1419708701243
1419708701543
1419708701583
1419708701603
1419708701623
1419708701983
1419708702023
1419708702063
1419708702083
1419708702333
1419708702393
1419708702413
1419708702433
1419708702673
1419708702703
1419708702723
1419708702763
1419708702783
1419708703033
1419708703063
1419708703083
1419708703103
1419708703123
1419708703143
1419708703393
1419708703433
1419708703453
1419708703473
1419708703493
1419708703743
1419708703783
1419708703823
1419708703843
1419708704113
1419708704153
1419708704173
1419708704193
1419708704213
1419708704473
1419708704513
1419708704553
1419708704573
1419708704823
1419708704883
1419708704923
1419708705173
1419708705223
1419708705243
1419708705283
1419708705533
1419708705583
1419708705603
1419708705643
