20
19
21
246
19739745
19739745
20
19
19
248
19740094
19740094
19
19
250
19740447
19740447
19740448
20
20
19
260
19740808
19740808
18
19
19
260
19741166
19741167
20
20
20
246
19741513
19741514
19
21
18
266
19741882
19741883
20
18
19741966
305
19742292
19742292
20
19742366
19
396
19742782
22
19
19
19
286
19743173
19743173
21
20
20
19743276
288
19743566
19
19743626
234
19743901
19743901
19743901
20
20
22
238
19744237
19744238
20
19
241
19744578
19744578
19744579
20
19
20
248
19744924
19744924
20
19744986
19
246
19745272
19745273
20
20
19
243
